1.000000
0.999734
0.998934
0.997603
0.995741
0.993350
0.990432
0.986990
0.983026
0.978544
0.973549
0.968043
0.962034
0.955524
0.948522
0.941032
0.933060
0.924615
0.915704
0.906334
0.896513
0.886250
0.875553
0.864433
0.852899
0.840960
0.828626
0.815909
0.802819
0.789367
0.775565
0.761424
0.746956
0.732173
0.717087
0.701711
0.686058
0.670140
0.653970
0.637562
0.620929
0.604083
0.587039
0.569810
0.552410
0.534852
0.517150
0.499317
0.481368
0.463315
0.445174
0.426956
0.408677
0.390348
0.371984
0.353599
0.335204
0.316814
0.298442
0.280099
0.261799
0.243554
0.225377
0.207280
0.189274
0.171372
0.153584
0.135922
0.118397
0.101020
0.083801
0.066750
0.049878
0.033194
0.016707
0.000426
-0.015639
-0.031480
-0.047089
-0.062459
-0.077582
-0.092450
-0.107057
-0.121395
-0.135460
-0.149245
-0.162744
-0.175953
-0.188866
-0.201478
-0.213786
-0.225787
-0.237475
-0.248848
-0.259904
-0.270638
-0.281051
-0.291138
-0.300900
-0.310334
-0.319440
-0.328216
-0.336664
-0.344781
-0.352570
-0.360030
-0.367161
-0.373966
-0.380446
-0.386601
-0.392434
-0.397948
-0.403143
-0.408024
-0.412592
-0.416851
-0.420804
-0.424455
-0.427806
-0.430863
-0.433628
-0.436106
-0.438302
-0.440219
-0.441863
-0.443238
-0.444350
-0.445203
-0.445802
-0.446152
-0.446260
-0.446130
-0.445768
-0.445180
-0.444371
-0.443347
-0.442114
-0.440677
-0.439043
-0.437218
-0.435206
-0.433016
-0.430651
-0.428119
-0.425425
-0.422575
-0.419575
-0.416431
-0.413150
-0.409736
-0.406196
-0.402535
-0.398760
-0.394875
-0.390887
-0.386802
-0.382624
-0.378359
-0.374012
-0.369589
-0.365095
-0.360536
-0.355915
-0.351238
-0.346511
-0.341737
-0.336922
-0.332070
-0.327185
-0.322272
-0.317335
-0.312378
-0.307406
-0.302422
-0.297430
-0.292434
-0.287438
-0.282444
-0.277457
-0.272480
-0.267515
-0.262567
-0.257637
-0.252729
-0.247845
-0.242989
-0.238162
-0.233367
-0.228607
-0.223883
-0.219198
-0.214553
-0.209951
-0.205393
-0.200882
-0.196418
-0.192003
-0.187638
-0.183325
-0.179066
-0.174861
-0.170710
-0.166617
-0.162580
-0.158601
-0.154680
-0.150819
-0.147018
-0.143277
-0.139597
-0.135978
-0.132420
-0.128924
-0.125490
-0.122117
-0.118807
-0.115559
-0.112372
-0.109247
-0.106184
-0.103182
-0.100241
-0.097361
-0.094542
-0.091783
-0.089083
-0.086443
-0.083861
-0.081338
-0.078872
-0.076463
-0.074111
-0.071815
-0.069574
-0.067388
-0.065255
-0.063176
-0.061149
-0.059173
-0.057249
-0.055374
-0.053549
-0.051773
-0.050044
-0.048362
-0.046727
-0.045136
-0.043591
-0.042088
-0.040629
-0.039211
-0.037835
-0.036499
-0.035202
-0.033944
-0.032724
-0.031541
-0.030394
-0.029283
-0.028206
-0.027162
-0.026152
-0.025174
-0.024227
-0.023311
-0.022424
-0.021567
-0.020738
-0.019937
-0.019162
-0.018414
-0.017691
-0.016993
-0.016319
-0.015669
-0.015041
-0.014435
-0.013851
-0.013288
-0.012745
-0.012221
-0.011717
-0.011231
-0.010763
-0.010312
-0.009878
-0.009460
-0.009059
-0.008672
-0.008300
-0.007943
-0.007599
-0.007269
-0.006951
-0.006647
-0.006354
-0.006073
-0.005803
-0.005544
-0.005295
-0.005057
-0.004828
-0.004608
-0.004398
-0.004197
-0.004004
-0.003819
-0.003641
-0.003472
-0.003309
-0.003154
-0.003005
-0.002863
-0.002727
-0.002596
-0.002472
-0.002353
-0.002239
-0.002131
-0.002027
-0.001928
-0.001833
-0.001743
-0.001657
-0.001574
-0.001496
-0.001421
-0.001350
-0.001282
-0.001217
-0.001155
-0.001096
-0.001040
-0.000986
-0.000936
-0.000887
-0.000841
-0.000797
-0.000756
-0.000716
-0.000678
-0.000642
-0.000608
-0.000576
-0.000545
-0.000516
-0.000488
-0.000462
-0.000437
-0.000413
-0.000390
-0.000369
-0.000349
-0.000330
-0.000311
-0.000294
-0.000278
-0.000262
-0.000248
-0.000234
-0.000220
-0.000208
-0.000196
-0.000185
-0.000174
-0.000164
-0.000155
-0.000146
-0.000138
-0.000130
-0.000122
-0.000115
-0.000108
-0.000102
-0.000096
-0.000090
-0.000085
-0.000080
-0.000075
-0.000071
-0.000066
-0.000062
-0.000059
-0.000055
-0.000052
-0.000048
-0.000046
-0.000043
-0.000040
-0.000038
-0.000035
-0.000033
-0.000031
-0.000029
-0.000027
-0.000026
-0.000024
-0.000022
-0.000021
-0.000020
-0.000018
-0.000017
-0.000016
-0.000015
-0.000014
-0.000013
-0.000012
-0.000012
-0.000011
-0.000010
-0.000009
-0.000009
-0.000008
-0.000008
-0.000007
-0.000007
-0.000006
-0.000006
-0.000005
-0.000005
-0.000005
-0.000004
-0.000004
-0.000004
-0.000004
-0.000003
-0.000003
-0.000003
-0.000003
-0.000003
-0.000002
-0.000002
-0.000002
-0.000002
-0.000002
-0.000002
-0.000002
-0.000001
-0.000001
-0.000001
-0.000001
-0.000001
-0.000001
-0.000001
-0.000001
-0.000001
-0.000001
-0.000001
-0.000001
-0.000001
-0.000001
-0.000001
-0.000000
-0.000000
-0.000000
-0.000000
-0.000000
-0.000000
-0.000000
-0.000000
-0.000000
-0.000000
-0.000000
-0.000000
-0.000000
-0.000000
-0.000000
-0.000000
-0.000000
-0.000000
-0.000000
-0.000000
-0.000000
-0.000000
-0.000000
-0.000000
-0.000000
-0.000000
-0.000000
-0.000000
-0.000000
-0.000000
-0.000000
-0.000000
-0.000000
-0.000000
-0.000000
-0.000000
-0.000000
-0.000000
-0.000000
-0.000000
-0.000000
-0.000000
-0.000000
-0.000000
-0.000000
-0.000000
-0.000000
-0.000000
-0.000000
-0.000000
-0.000000
-0.000000
-0.000000
-0.000000
-0.000000
-0.000000
-0.000000
-0.000000
-0.000000
-0.000000
-0.000000
-0.000000
-0.000000
-0.000000
-0.000000
-0.000000
-0.000000
-0.000000
-0.000000
-0.000000
-0.000000
-0.000000
-0.000000
-0.000000
-0.000000
-0.000000
-0.000000
-0.000000
-0.000000
-0.000000
-0.000000
-0.000000
-0.000000
-0.000000
-0.000000
-0.000000
-0.000000
-0.000000
-0.000000
-0.000000
-0.000000
-0.000000
-0.000000
-0.000000
-0.000000
-0.000000
-0.000000
-0.000000
-0.000000
-0.000000
-0.000000
-0.000000
-0.000000
-0.000000
-0.000000
-0.000000
-0.000000
-0.000000
-0.000000
-0.000000
-0.000000
-0.000000
-0.000000
-0.000000
-0.000000
-0.000000
-0.000000
-0.000000
-0.000000
-0.000000
-0.000000
-0.000000
-0.000000
-0.000000
-0.000000
-0.000000
-0.000000
-0.000000
-0.000000
-0.000000
-0.000000
-0.000000
-0.000000
-0.000000
-0.000000
-0.000000
-0.000000
-0.000000
-0.000000
-0.000000
-0.000000
-0.000000
-0.000000
-0.000000
-0.000000
-0.000000
-0.000000
-0.000000
-0.000000
-0.000000
-0.000000
-0.000000
-0.000000
-0.000000
-0.000000
-0.000000
-0.000000
-0.000000
-0.000000
-0.000000
-0.000000
-0.000000
-0.000000
-0.000000
-0.000000
-0.000000
-0.000000
-0.000000
-0.000000
-0.000000
-0.000000
-0.000000
-0.000000
-0.000000
-0.000000
-0.000000
-0.000000
-0.000000
-0.000000
-0.000000
-0.000000
-0.000000
-0.000000
-0.000000
-0.000000
-0.000000
-0.000000
-0.000000
-0.000000
-0.000000
-0.000000
-0.000000
-0.000000
-0.000000
-0.000000
-0.000000
-0.000000
-0.000000
-0.000000
-0.000000
-0.000000
-0.000000
-0.000000
-0.000000
-0.000000
-0.000000
-0.000000
-0.000000
-0.000000
-0.000000
-0.000000
-0.000000
-0.000000
-0.000000
-0.000000
-0.000000
-0.000000
-0.000000
-0.000000
-0.000000
-0.000000
-0.000000
-0.000000
-0.000000
-0.000000
-0.000000
-0.000000
-0.000000
-0.000000
-0.000000
-0.000000
-0.000000
-0.000000
-0.000000
-0.000000
-0.000000
-0.000000
-0.000000
-0.000000
-0.000000
-0.000000
-0.000000
-0.000000
-0.000000
-0.000000
-0.000000
-0.000000
-0.000000
-0.000000
-0.000000
-0.000000
-0.000000
-0.000000
-0.000000
-0.000000
-0.000000
-0.000000
-0.000000
-0.000000
-0.000000
-0.000000
-0.000000
-0.000000
-0.000000
-0.000000
-0.000000
-0.000000
-0.000000
-0.000000
-0.000000
-0.000000
-0.000000
-0.000000
-0.000000
-0.000000
-0.000000
-0.000000
-0.000000
-0.000000
-0.000000
-0.000000
-0.000000
-0.000000
-0.000000
-0.000000
-0.000000
-0.000000
-0.000000
-0.000000
-0.000000
-0.000000
-0.000000
-0.000000
-0.000000
-0.000000
-0.000000
-0.000000
-0.000000
-0.000000
-0.000000
-0.000000
-0.000000
-0.000000
-0.000000
-0.000000
-0.000000
-0.000000
-0.000000
-0.000000
-0.000000
-0.000000
-0.000000
-0.000000
-0.000000
-0.000000
-0.000000
-0.000000
-0.000000
-0.000000
-0.000000
-0.000000
-0.000000
-0.000000
-0.000000
-0.000000
-0.000000
-0.000000
-0.000000
-0.000000
-0.000000
-0.000000
-0.000000
-0.000000
-0.000000
-0.000000
-0.000000
-0.000000
-0.000000
-0.000000
-0.000000
-0.000000
-0.000000
-0.000000
-0.000000
-0.000000
-0.000000
-0.000000
-0.000000
